.Random.seed <-
c(403L, 11L, -1132272574L, 1376967581L, 1969107479L, -826226818L, 
-4823752L, -1646956005L, 565574521L, 1643617736L, -1307008522L, 
1895478321L, 770786915L, 1535015474L, 132818820L, -795978297L, 
-1199555427L, 417299476L, 1397693114L, 2033924869L, 1829986527L, 
-194741914L, -1050202896L, 1460623379L, 1739328945L, 1544718432L, 
-1014200834L, 1985245577L, 177399483L, 1142071946L, -1907442324L, 
790399727L, -736348891L, 2097300444L, -277450318L, 2119872685L, 
-1755086745L, 1707272078L, 29364328L, 1926544491L, -1979619831L, 
-22968168L, -793119802L, 2069301025L, 199730099L, 954157858L, 
1446018324L, -1110315625L, 1303008653L, 1812853924L, 726095498L, 
-853259019L, -1895050417L, -1326576554L, 1073909504L, 719391299L, 
1180709345L, -995748528L, -1303163986L, -558519975L, -900802709L, 
799139546L, 730425244L, -893289569L, 1628266997L, 461902988L, 
-582419102L, 446411069L, -386213449L, 1602068062L, 2116827032L, 
509785851L, 234241689L, 720299816L, -2133844522L, -506707375L, 
1504073987L, -1796139886L, 1890708004L, 1176220903L, -956978883L, 
-985072204L, 818414106L, -1753560731L, 1392080895L, -1502728570L, 
-2111277552L, 159345843L, -1101568175L, -900314368L, 784134622L, 
-1904076247L, -1753359909L, -201455894L, 407921804L, 2118036431L, 
-1872764027L, 935030844L, -1060716270L, 1583842829L, 653006151L, 
-373080274L, -1979870584L, 2128769931L, 365208425L, -1645339336L, 
657633254L, -358258815L, -182108397L, 479103170L, -1509874828L, 
1056878455L, 1445255277L, 1346926340L, 408733226L, 1839541141L, 
-879865809L, -1627657930L, 2003994976L, -1135638621L, -2125049663L, 
-1792302928L, -364613682L, -1989598407L, 1904372555L, -509984518L, 
1031518716L, 1385126463L, -292442347L, 1456553004L, 326296834L, 
30936541L, -209220393L, -1901652034L, 992494072L, -1465780773L, 
-232711111L, -229593720L, 79063350L, -1931283599L, -1578896989L, 
1797362L, 1522413636L, 1454039815L, -2089471267L, 1613011924L, 
89185018L, 1646411333L, -1513986401L, 2105670694L, 540039344L, 
-471162541L, 45194353L, 1574068640L, 1555840318L, 1689394249L, 
999692539L, 40587466L, -35199444L, -660850129L, 1206104805L, 
1905002396L, 1571484146L, 1449729133L, 601222567L, -1655744562L, 
429946152L, 971548459L, 1696804169L, 783233624L, 630033158L, 
1653499617L, -1939082637L, 184400610L, 539854420L, 1711476567L, 
1628676941L, -297220380L, -752171318L, 952895285L, 1578495375L, 
-1689204074L, 1997333056L, 248046339L, 168907553L, 422237200L, 
529085422L, 1876804505L, 1810463787L, -2115581670L, 635153372L, 
1987841503L, -976250443L, -247728308L, 1794174370L, -1893204739L, 
1593303543L, 1711173406L, 1786966488L, -2108691653L, -1768416039L, 
-1517858712L, 2081879446L, 1734692113L, 663895747L, -1596006702L, 
475178852L, 128400039L, -259701763L, 812799476L, 2146235098L, 
-340761563L, -1160246977L, 1677135558L, -409713840L, 1409915763L, 
-1014403695L, -1230360640L, -116643426L, -682609815L, -205289573L, 
-170979670L, 1567361228L, 1889343887L, 618794437L, 600232316L, 
-854408750L, -1911202483L, 1576230919L, -222461844L, -836901484L, 
1299903570L, 234959328L, -1699319604L, 2097101472L, 1387755906L, 
-2074374936L, -1139305748L, -752076484L, 119338098L, -435831184L, 
102188580L, 1474570296L, -567716582L, -128216880L, 1096924476L, 
-179273836L, 1171423106L, 2113281984L, -29604292L, -2056582768L, 
1767023650L, -553158392L, -453512052L, -78486756L, 2060638354L, 
-103233152L, -1085809644L, -1443225816L, -625850822L, -1264373296L, 
-1763757716L, -1562363980L, -1020150254L, -843668512L, 804152780L, 
-1492286240L, -1173647326L, 450590504L, -1028114932L, -1440804036L, 
50590706L, -1493210384L, 1305946692L, 1244046936L, 1348876090L, 
-715123728L, 90433212L, 346367252L, -928878398L, 173382752L, 
268712316L, -1865820208L, 900782370L, 527560360L, -594216052L, 
1313266876L, -2037006542L, -286178752L, 542909620L, 1117652040L, 
1188157882L, -1679147504L, -2093053716L, -1645127340L, -2097015022L, 
-1592396384L, 821926604L, -1235020192L, 128729026L, -291904728L, 
-1870484052L, 224620860L, 1696685938L, 1411203376L, 1908494116L, 
-1685707464L, -1712497958L, 1124419472L, 639374076L, 333533076L, 
1277708354L, 1928281344L, -168514500L, -1653789360L, -262612830L, 
1544681288L, 2083829516L, 503433948L, -1881836718L, 1353986688L, 
1424398420L, -1862177816L, -1136298246L, -1361843888L, -1743404244L, 
-583219340L, 751330194L, 14382688L, -1708642420L, -1641065632L, 
243206114L, 1708031912L, 362765516L, 778243580L, -817566798L, 
-1992144400L, -2096830012L, -1670897320L, 1409271162L, -414731856L, 
1798574012L, -1307471788L, -137518142L, 1850278944L, 163273916L, 
2015320656L, -1412333598L, 1458280040L, -1926407604L, 1276698876L, 
448163826L, 2030886144L, 2086745972L, -2121342968L, -416963142L, 
-71303728L, 1234699244L, -99369068L, -865682478L, 428275552L, 
2064573772L, 195710240L, -774192254L, 1368505064L, 2081023212L, 
748218940L, -1662825614L, -990844304L, 900528164L, -1590360264L, 
-1876169574L, -1952140592L, 1147011260L, -1888823660L, -1848662398L, 
-2056774464L, 1116336444L, 1597436048L, 2125638178L, -360880632L, 
78266636L, -1757719908L, 429878802L, -1461392000L, -779280876L, 
1205605928L, 1393993018L, -1159870512L, 1900073580L, -242604236L, 
1206837906L, 369244512L, 353374540L, -1570934816L, 1841668002L, 
-48646232L, 1572735884L, -456644932L, -2004595854L, -1968686864L, 
1580079172L, -1963467432L, 1340314682L, 937689968L, -2116516804L, 
-1650939116L, 2117028290L, 801243360L, 546617212L, -1588846896L, 
1365149346L, -1033190360L, 984951052L, -810257476L, 190610738L, 
1006067648L, 1842123316L, -1928946744L, -840555334L, 1294364560L, 
101471724L, 36094036L, 1254760082L, -403408096L, 47975884L, 968342496L, 
-2133851454L, 602774056L, 1621311148L, -93171012L, 1059647986L, 
546834736L, 974580900L, -1226382664L, -1788974246L, -1286738544L, 
1842606460L, 569609492L, -1710315198L, -394370304L, -1597662276L, 
-797205680L, -2068815582L, 1420156232L, -1668663284L, 1653274716L, 
-1560206126L, 498583552L, 1592023892L, -1114373656L, 1736439802L, 
-1615071536L, -2107874004L, 1917118708L, 1862625170L, 1062114274L, 
-167539120L, -202671239L, 1944916139L, 1991030812L, 453859146L, 
-249614529L, -2135527031L, 550367646L, -512956340L, -2014436835L, 
-1922166873L, -1341938992L, 700789870L, 1282140955L, -474602371L, 
-1134921110L, -1534964984L, -1169767503L, 427607075L, 1259040036L, 
-2134152750L, -1228375513L, -1095162767L, 811055798L, -1082579372L, 
-1381414171L, -196802833L, 471454248L, -1208879482L, 397344947L, 
-573827563L, 1964726386L, -1271233344L, 25925929L, -1708646501L, 
-2134050708L, -1768362886L, 277722543L, 114177209L, 1320615630L, 
-931513316L, -947904627L, -1106069001L, -907031296L, 568470366L, 
-1644512213L, -1460931795L, -668983398L, 429935960L, 1246142657L, 
876928883L, -1639897964L, -654388958L, -1964724169L, 1447411969L, 
1900213254L, 1797968452L, 1558158197L, -1132167457L, -1044379080L, 
2080277014L, -2136656349L, -1117822491L, 1327788034L, -930182544L, 
1379024921L, -1069671925L, -1829719812L, -1859539670L, -1560267937L, 
-1742388503L, 42945022L, 545134060L, -1085168323L, 967888135L, 
-1735987984L, -1647087474L, 2105543355L, 884499101L, -579733942L, 
389430376L, -800631727L, 913801027L, 1198615108L, -1734661902L, 
1623053511L, 513928849L, -686706666L, 649558644L, 926301445L, 
885289807L, -1360716472L, -965144346L, 25527827L, -251176587L, 
997891410L, -1480258144L, -2115437431L, 1048890555L, 1226858252L, 
-762235238L, -1830228977L, 381577305L, -1250130706L, 1354137468L, 
208759789L, -944466793L, 945348448L, -761833666L, -82999285L, 
-1513475955L, -836687430L, -1994012680L, 1204609953L, 547544403L, 
-1763109772L, 362153474L, 2144917655L, 1498778209L, 177472166L, 
158321316L, -732577963L, 47580159L, -805371240L, -974051402L, 
1628998723L, -1268324987L, -537297374L, -1104730864L, 823289017L, 
1619061099L, -177092516L, 808854922L, 518521215L, 657071305L, 
-1529487010L, 1432465932L, 733869533L, -1931137817L, -138872560L, 
-1109661650L, 1974259419L, -676575299L, -1069113046L, -412957240L, 
